1620140379261 0.168 -0.043 0.324 0.125 0.285 0.090 0.187 0.105 0.468 0.203 0.183 0.008 
1620140380266 0.168 -0.047 0.324 0.129 0.289 0.090 0.183 0.109 0.464 0.207 0.183 0.008 
1620140381277 0.168 -0.051 0.320 0.129 0.289 0.082 0.179 0.109 0.472 0.203 0.183 0.008 
1620140382288 0.168 -0.047 0.320 0.129 0.289 0.094 0.187 0.109 0.472 0.203 0.183 0.004 
1620140383300 0.172 -0.047 0.320 0.129 0.285 0.082 0.183 0.105 0.468 0.203 0.183 0.000 
1620140384316 0.168 -0.047 0.316 0.129 0.289 0.094 0.183 0.109 0.472 0.203 0.183 0.008 
1620140457806 0.164 -0.047 0.320 0.129 0.285 0.090 0.183 0.109 0.468 0.199 0.187 0.008 
1620140458823 0.172 -0.047 0.324 0.125 0.292 0.090 0.187 0.105 0.468 0.203 0.179 0.004 
1620140459844 0.172 -0.047 0.320 0.129 0.285 0.090 0.187 0.109 0.476 0.199 0.179 0.008 
1620140460851 0.164 -0.047 0.320 0.129 0.285 0.090 0.191 0.109 0.468 0.207 0.183 0.012 
1620140461867 0.168 -0.047 0.320 0.129 0.289 0.086 0.183 0.109 0.472 0.203 0.183 0.008 
1620140462878 0.168 -0.047 0.320 0.129 0.289 0.090 0.191 0.113 0.472 0.203 0.183 0.008 
1620140534329 0.168 -0.043 0.324 0.129 0.289 0.086 0.187 0.113 0.468 0.207 0.183 0.008 
1620140535348 0.164 -0.043 0.328 0.129 0.289 0.086 0.187 0.109 0.468 0.207 0.179 0.012 
1620140536368 0.168 -0.047 0.324 0.133 0.285 0.082 0.187 0.113 0.464 0.203 0.183 0.004 
1620140537391 0.168 -0.043 0.328 0.125 0.289 0.090 0.183 0.109 0.464 0.207 0.179 0.004 
1620140538396 0.168 -0.047 0.320 0.129 0.289 0.086 0.183 0.109 0.464 0.203 0.179 0.008 
1620140539400 0.168 -0.043 0.324 0.129 0.289 0.090 0.191 0.113 0.468 0.207 0.183 0.012 
1620140632210 0.164 -0.047 0.320 0.125 0.285 0.086 0.187 0.109 0.468 0.203 0.187 0.008 
1620140633230 0.164 -0.043 0.324 0.129 0.285 0.090 0.179 0.113 0.472 0.207 0.179 0.008 
1620140634240 0.172 -0.047 0.320 0.129 0.292 0.086 0.187 0.113 0.468 0.203 0.187 0.008 
1620140635252 0.168 -0.047 0.324 0.129 0.289 0.090 0.183 0.109 0.468 0.199 0.183 0.012 
1620140636267 0.168 -0.047 0.324 0.129 0.289 0.086 0.183 0.109 0.468 0.203 0.183 0.004 
1620140637279 0.172 -0.047 0.320 0.125 0.289 0.086 0.179 0.113 0.468 0.207 0.183 0.008 
1620140638299 0.172 -0.051 0.324 0.133 0.289 0.086 0.187 0.109 0.468 0.203 0.187 0.008 
1620140639323 0.164 -0.047 0.324 0.129 0.289 0.086 0.191 0.113 0.468 0.203 0.183 0.012 
1620140640327 0.172 -0.043 0.328 0.129 0.289 0.086 0.187 0.113 0.464 0.207 0.183 0.008 
1620140641345 0.172 -0.039 0.324 0.129 0.289 0.086 0.183 0.109 0.472 0.203 0.183 0.008 
1620140642364 0.168 -0.047 0.331 0.133 0.289 0.086 0.183 0.109 0.468 0.203 0.183 0.012 
1620140643385 0.168 -0.043 0.324 0.129 0.289 0.082 0.179 0.109 0.468 0.203 0.183 0.008 
1620140644388 0.168 -0.043 0.324 0.129 0.285 0.086 0.187 0.113 0.468 0.203 0.187 0.004 
1620140645408 0.164 -0.047 0.324 0.133 0.289 0.090 0.183 0.113 0.468 0.207 0.179 0.012 
1620140646429 0.168 -0.051 0.324 0.129 0.289 0.086 0.183 0.109 0.468 0.203 0.187 0.004 
1620140647435 0.168 -0.043 0.328 0.125 0.289 0.086 0.183 0.109 0.464 0.207 0.187 0.008 
1620140648445 0.168 -0.047 0.324 0.133 0.289 0.086 0.187 0.105 0.464 0.203 0.183 0.008 
1620140649465 0.172 -0.043 0.324 0.133 0.292 0.090 0.183 0.113 0.468 0.203 0.187 0.004 
1620140650485 0.168 -0.051 0.328 0.133 0.285 0.086 0.183 0.109 0.468 0.203 0.187 0.004 
1620140651494 0.172 -0.043 0.324 0.129 0.289 0.090 0.187 0.113 0.464 0.207 0.187 0.008 
1620140652516 0.168 -0.043 0.324 0.129 0.285 0.090 0.191 0.113 0.468 0.207 0.183 0.004 
1620140653535 0.168 -0.047 0.324 0.129 0.289 0.086 0.187 0.113 0.468 0.203 0.183 0.008 
1620140654555 0.168 -0.047 0.320 0.133 0.292 0.086 0.187 0.105 0.464 0.203 0.179 0.008 
1620140655557 0.164 -0.047 0.328 0.133 0.289 0.090 0.183 0.109 0.464 0.207 0.179 0.008 
1620140656575 0.172 -0.043 0.324 0.125 0.289 0.090 0.187 0.109 0.472 0.199 0.183 0.012 
1620140657600 0.172 -0.047 0.320 0.125 0.292 0.086 0.183 0.113 0.464 0.203 0.183 0.008 
1620140658612 0.168 -0.043 0.324 0.129 0.289 0.086 0.187 0.109 0.468 0.207 0.187 0.008 
1620140659634 0.175 -0.047 0.324 0.129 0.289 0.086 0.179 0.117 0.472 0.203 0.183 0.008 
1620140660652 0.168 -0.047 0.328 0.133 0.285 0.086 0.187 0.113 0.472 0.203 0.187 0.004 
1620140661655 0.164 -0.051 0.328 0.133 0.289 0.086 0.183 0.109 0.468 0.203 0.183 0.008 
1620140662675 0.168 -0.047 0.328 0.129 0.292 0.090 0.183 0.113 0.468 0.207 0.183 0.008 
1620140663696 0.168 -0.051 0.324 0.133 0.289 0.090 0.187 0.113 0.468 0.203 0.179 0.008 
1620140664713 0.168 -0.043 0.324 0.129 0.289 0.090 0.183 0.113 0.472 0.207 0.183 0.012 
1620140665721 0.168 -0.047 0.320 0.133 0.292 0.082 0.183 0.109 0.468 0.207 0.179 0.012 
1620140666738 0.168 -0.043 0.324 0.129 0.289 0.086 0.183 0.109 0.468 0.203 0.183 0.004 
1620140667761 0.172 -0.047 0.328 0.129 0.285 0.086 0.183 0.109 0.468 0.203 0.187 0.008 
1620140668770 0.172 -0.047 0.324 0.129 0.289 0.086 0.183 0.105 0.468 0.203 0.179 0.008 
1620140669792 0.172 -0.047 0.320 0.129 0.292 0.094 0.183 0.105 0.472 0.203 0.187 0.012 
1620140670807 0.164 -0.043 0.324 0.129 0.289 0.082 0.187 0.109 0.468 0.207 0.179 0.008 
1620140671810 0.168 -0.051 0.324 0.129 0.289 0.086 0.183 0.109 0.468 0.199 0.183 0.008 
1620140672832 0.168 -0.051 0.331 0.129 0.289 0.086 0.179 0.109 0.468 0.203 0.187 0.008 
1620140673840 0.172 -0.047 0.328 0.133 0.289 0.082 0.183 0.105 0.468 0.207 0.187 0.008 
1620140674843 0.168 -0.043 0.324 0.125 0.289 0.090 0.179 0.109 0.468 0.199 0.183 0.012 
1620140675859 0.168 -0.043 0.320 0.129 0.289 0.090 0.187 0.109 0.460 0.199 0.183 0.008 
1620140676871 0.168 -0.043 0.324 0.133 0.289 0.082 0.179 0.109 0.468 0.207 0.187 0.012 
1620140677883 0.172 -0.043 0.328 0.129 0.285 0.086 0.183 0.109 0.468 0.203 0.183 0.008 
1620140678895 0.172 -0.043 0.324 0.129 0.285 0.090 0.183 0.109 0.468 0.207 0.179 0.008 
1620140679908 0.168 -0.047 0.328 0.129 0.289 0.086 0.183 0.113 0.464 0.203 0.187 0.012 
1620140680918 0.172 -0.047 0.324 0.129 0.289 0.082 0.187 0.109 0.468 0.211 0.187 0.012 
1620140681929 0.168 -0.043 0.324 0.129 0.289 0.086 0.187 0.109 0.468 0.207 0.183 0.008 
1620140682937 0.168 -0.047 0.324 0.129 0.292 0.086 0.187 0.109 0.464 0.203 0.183 0.008 
1620140683948 0.168 -0.043 0.324 0.129 0.292 0.086 0.183 0.113 0.468 0.207 0.191 0.004 
1620140684962 0.168 -0.047 0.324 0.129 0.285 0.082 0.187 0.117 0.472 0.211 0.187 0.008 
1620140685967 0.172 -0.043 0.328 0.133 0.292 0.082 0.187 0.113 0.468 0.207 0.187 0.004 
1620140686978 0.168 -0.043 0.328 0.133 0.292 0.086 0.183 0.113 0.464 0.207 0.183 0.008 
1620140687992 0.172 -0.047 0.328 0.129 0.289 0.082 0.187 0.113 0.472 0.207 0.183 0.012 
1620140689005 0.168 -0.047 0.328 0.129 0.285 0.086 0.187 0.109 0.468 0.207 0.183 0.008 
1620140690013 0.168 -0.043 0.328 0.136 0.292 0.086 0.183 0.113 0.468 0.203 0.183 0.008 
1620140691024 0.168 -0.047 0.328 0.133 0.292 0.086 0.183 0.113 0.472 0.207 0.187 0.008 
1620140692038 0.168 -0.047 0.328 0.129 0.289 0.086 0.179 0.113 0.472 0.207 0.183 0.012 
1620140693047 0.172 -0.047 0.328 0.133 0.285 0.086 0.183 0.113 0.472 0.203 0.183 0.004 
1620140694056 0.172 -0.051 0.324 0.133 0.289 0.082 0.179 0.109 0.468 0.203 0.187 0.012 
1620140695068 0.168 -0.047 0.324 0.133 0.289 0.078 0.179 0.109 0.464 0.207 0.183 0.008 
1620140696081 0.168 -0.043 0.324 0.133 0.289 0.082 0.183 0.113 0.468 0.207 0.187 0.008 
1620140697092 0.168 -0.047 0.324 0.129 0.292 0.179 0.207 0.000 0.000 0.000 0.000 127.538 
1620140698107 0.172 -0.043 0.324 0.129 0.289 0.086 0.187 0.113 0.464 0.207 0.187 0.008 
1620140699122 0.168 -0.051 0.324 0.133 0.285 0.086 0.183 0.109 0.468 0.207 0.183 0.000 
1620140700131 0.172 -0.043 0.324 0.133 0.292 0.086 0.183 0.113 0.468 0.211 0.183 0.008 
1620140701139 0.164 -0.047 0.328 0.129 0.289 0.090 0.183 0.113 0.472 0.203 0.187 0.004 
1620140702150 0.168 -0.043 0.331 0.129 0.289 0.082 0.183 0.113 0.468 0.207 0.183 0.008 
1620140703164 0.172 -0.043 0.324 0.129 0.289 0.090 0.183 0.109 0.464 0.203 0.187 0.012 
1620140704177 0.168 -0.043 0.328 0.129 0.289 0.082 0.183 0.109 0.464 0.207 0.179 0.008 
1620140705189 0.168 -0.047 0.331 0.129 0.296 0.086 0.183 0.113 0.468 0.211 0.183 0.008 
1620140706202 0.168 -0.047 0.331 0.133 0.285 0.086 0.183 0.105 0.468 0.211 0.187 0.008 
1620140707213 0.168 -0.047 0.324 0.129 0.292 0.086 0.179 0.113 0.464 0.207 0.179 0.008 
1620140708226 0.172 -0.047 0.324 0.133 0.292 0.082 0.183 0.109 0.464 0.207 0.183 0.008 
1620140709238 0.172 -0.047 0.328 0.133 0.292 0.082 0.187 0.109 0.468 0.207 0.183 0.004 
1620140710251 0.172 -0.047 0.331 0.133 0.292 0.086 0.187 0.113 0.468 0.207 0.183 0.008 
1620140711264 0.164 -0.047 0.328 0.133 0.292 0.086 0.183 0.113 0.468 0.207 0.187 0.012 
1620140712274 0.168 -0.047 0.331 0.129 0.292 0.082 0.187 0.113 0.468 0.207 0.179 0.008 
1620140713287 0.172 -0.043 0.328 0.129 0.289 0.082 0.183 0.113 0.464 0.203 0.183 0.012 
1620140714300 0.168 -0.051 0.328 0.133 0.292 0.090 0.183 0.113 0.464 0.207 0.187 0.008 
1620140715313 0.168 -0.047 0.324 0.133 0.289 0.086 0.187 0.109 0.472 0.207 0.183 0.008 
1620140716329 0.172 -0.047 0.331 0.133 0.292 0.086 0.187 0.109 0.472 0.203 0.183 0.004 
1620140717346 0.168 -0.047 0.324 0.129 0.292 0.086 0.183 0.113 0.468 0.207 0.187 0.008 
1620140718365 0.168 -0.043 0.328 0.133 0.292 0.086 0.183 0.109 0.468 0.207 0.187 0.008 
1620140719381 0.168 -0.043 0.328 0.129 0.289 0.086 0.187 0.113 0.464 0.207 0.187 0.012 
1620140720399 0.172 -0.047 0.324 0.129 0.289 0.082 0.183 0.113 0.464 0.203 0.183 0.008 
1620140721415 0.164 -0.047 0.328 0.133 0.292 0.086 0.183 0.113 0.468 0.199 0.183 0.008 
1620140722431 0.172 -0.047 0.328 0.133 0.292 0.082 0.183 0.117 0.464 0.203 0.187 0.012 
1620140723445 0.168 -0.039 0.328 0.133 0.289 0.090 0.183 0.117 0.472 0.203 0.183 0.008 
1620140724459 0.168 -0.047 0.324 0.133 0.289 0.086 0.183 0.109 0.464 0.203 0.183 0.008 
1620140725473 0.168 -0.047 0.328 0.129 0.292 0.086 0.187 0.109 0.468 0.207 0.187 0.012 
1620140726488 0.168 -0.047 0.324 0.125 0.292 0.082 0.187 0.113 0.468 0.207 0.183 0.008 
1620140727506 0.168 -0.039 0.328 0.129 0.289 0.086 0.183 0.109 0.468 0.207 0.183 0.004 
1620140728518 0.168 -0.043 0.331 0.125 0.289 0.082 0.183 0.113 0.464 0.207 0.183 0.012 
1620140729534 0.168 -0.047 0.328 0.129 0.289 0.082 0.187 0.113 0.468 0.203 0.183 0.012 
1620140730545 0.172 -0.047 0.328 0.129 0.292 0.086 0.187 0.109 0.468 0.211 0.179 0.008 
1620140731561 0.168 -0.047 0.324 0.129 0.292 0.090 0.187 0.113 0.468 0.211 0.191 0.008 
1620140732576 0.172 -0.039 0.324 0.129 0.289 0.082 0.183 0.109 0.468 0.203 0.183 0.008 
1620140820875 0.168 -0.043 0.328 0.133 0.289 0.082 0.179 0.109 0.472 0.207 0.183 0.004 
1620140821883 0.168 -0.043 0.328 0.129 0.289 0.090 0.183 0.113 0.468 0.207 0.191 0.008 
1620140822897 0.172 -0.047 0.328 0.129 0.289 0.086 0.187 0.109 0.468 0.211 0.183 0.012 
1620140823901 0.175 -0.047 0.328 0.133 0.292 0.078 0.183 0.109 0.468 0.207 0.187 0.008 
1620140824921 0.168 -0.043 0.331 0.133 0.289 0.082 0.187 0.117 0.468 0.203 0.183 0.008 
1620140825938 0.172 -0.043 0.324 0.133 0.292 0.086 0.179 0.113 0.468 0.207 0.183 0.012 
1620140826948 0.172 -0.043 0.328 0.125 0.289 0.090 0.183 0.109 0.468 0.211 0.183 0.008 
1620140827951 0.168 -0.043 0.324 0.133 0.289 0.078 0.179 0.117 0.468 0.203 0.187 0.008 
1620140828959 0.172 -0.043 0.328 0.133 0.292 0.094 0.179 0.113 0.468 0.211 0.183 0.008 
1620140829975 0.168 -0.043 0.328 0.133 0.292 0.082 0.183 0.109 0.468 0.207 0.187 0.008 
1620140830990 0.168 -0.039 0.328 0.129 0.292 0.086 0.183 0.113 0.468 0.203 0.183 0.012 
1620140831999 0.168 -0.043 0.328 0.133 0.289 0.082 0.187 0.113 0.472 0.211 0.187 0.008 
1620140833010 0.164 -0.047 0.324 0.129 0.292 0.082 0.183 0.109 0.464 0.207 0.187 0.008 
1620140834023 0.172 -0.047 0.328 0.133 0.289 0.086 0.187 0.113 0.468 0.207 0.183 0.012 
1620140835037 0.168 -0.043 0.328 0.136 0.292 0.086 0.183 0.113 0.464 0.207 0.183 0.012 
1620140836050 0.168 -0.047 0.324 0.129 0.289 0.082 0.183 0.113 0.468 0.207 0.183 0.012 
1620140837062 0.172 -0.043 0.324 0.133 0.289 0.082 0.183 0.113 0.468 0.199 0.187 0.012 
1620140838075 0.168 -0.047 0.328 0.133 0.292 0.082 0.187 0.109 0.468 0.203 0.187 0.008 
1620140839089 0.168 -0.047 0.331 0.129 0.292 0.082 0.183 0.113 0.468 0.207 0.183 0.012 
1620140840102 0.168 -0.039 0.328 0.129 0.289 0.086 0.187 0.113 0.464 0.203 0.183 0.008 
1620140841116 0.172 -0.043 0.328 0.133 0.289 0.082 0.187 0.113 0.472 0.211 0.187 0.008 
1620140842130 0.168 -0.047 0.331 0.133 0.292 0.082 0.183 0.113 0.468 0.203 0.183 0.012 
1620140843144 0.168 -0.047 0.324 0.133 0.289 0.086 0.183 0.113 0.468 0.207 0.183 0.008 
1620140844158 0.168 -0.051 0.328 0.133 0.292 0.086 0.183 0.109 0.468 0.203 0.183 0.012 
1620140845172 0.168 -0.047 0.324 0.129 0.289 0.086 0.191 0.113 0.468 0.203 0.179 0.012 
1620140846180 0.168 -0.047 0.320 0.129 0.289 0.082 0.187 0.113 0.464 0.207 0.183 0.012 
1620140847192 0.172 -0.047 0.328 0.129 0.292 0.086 0.183 0.109 0.464 0.203 0.183 0.008 
1620140848205 0.172 -0.047 0.328 0.129 0.285 0.086 0.187 0.113 0.468 0.211 0.183 0.008 
1620140849217 0.168 -0.039 0.324 0.129 0.292 0.082 0.183 0.113 0.468 0.211 0.179 0.008 
1620140850229 0.168 -0.047 0.324 0.136 0.292 0.086 0.187 0.113 0.468 0.211 0.187 0.008 
1620140851242 0.168 -0.043 0.328 0.133 0.289 0.086 0.187 0.113 0.468 0.207 0.187 0.004 
1620140852253 0.168 -0.047 0.331 0.133 0.292 0.086 0.183 0.109 0.468 0.203 0.183 0.008 
1620140853266 0.172 -0.047 0.328 0.129 0.285 0.082 0.183 0.117 0.468 0.211 0.183 0.016 
1620140854277 0.168 -0.047 0.328 0.133 0.289 0.086 0.179 0.113 0.468 0.207 0.183 0.008 
1620140855289 0.168 -0.047 0.328 0.129 0.289 0.086 0.183 0.109 0.468 0.211 0.183 0.012 
1620140856297 0.168 -0.047 0.328 0.129 0.292 0.082 0.187 0.113 0.468 0.207 0.187 0.008 
1620140857308 0.168 -0.047 0.328 0.133 0.285 0.086 0.187 0.113 0.464 0.207 0.187 0.008 
1620140858321 0.172 -0.043 0.328 0.129 0.292 0.086 0.183 0.113 0.464 0.203 0.183 0.008 
1620140859336 0.168 -0.047 0.328 0.129 0.285 0.086 0.187 0.109 0.468 0.207 0.187 0.008 
1620140860348 0.168 -0.043 0.328 0.129 0.289 0.082 0.183 0.113 0.468 0.207 0.187 0.008 
1620140861359 0.168 -0.047 0.328 0.133 0.292 0.082 0.187 0.105 0.460 0.207 0.183 0.008 
1620140862371 0.164 -0.043 0.328 0.129 0.289 0.086 0.183 0.117 0.464 0.203 0.183 0.008 
1620140863386 0.164 -0.043 0.328 0.129 0.292 0.082 0.187 0.113 0.468 0.207 0.183 0.008 
1620140864399 0.172 -0.047 0.328 0.133 0.292 0.082 0.183 0.109 0.468 0.207 0.187 0.008 
1620140865412 0.172 -0.039 0.324 0.129 0.285 0.090 0.187 0.113 0.468 0.207 0.183 0.008 
1620140866425 0.168 -0.047 0.324 0.129 0.289 0.086 0.187 0.109 0.472 0.207 0.187 0.008 
1620140867437 0.168 -0.047 0.324 0.129 0.289 0.082 0.183 0.113 0.468 0.199 0.183 0.008 
1620140868452 0.168 -0.043 0.324 0.129 0.292 0.086 0.183 0.109 0.468 0.203 0.191 0.012 
1620140869467 0.168 -0.043 0.324 0.133 0.292 0.086 0.179 0.109 0.468 0.207 0.179 0.008 
1620140870480 0.168 -0.043 0.328 0.133 0.289 0.086 0.183 0.113 0.468 0.207 0.187 0.012 
1620140871494 0.172 -0.047 0.328 0.136 0.289 0.086 0.183 0.113 0.464 0.211 0.179 0.008 
1620140872507 0.168 -0.047 0.331 0.133 0.289 0.086 0.187 0.113 0.468 0.207 0.183 0.008 
1620140873520 0.172 -0.043 0.328 0.129 0.289 0.086 0.183 0.109 0.468 0.211 0.183 0.008 
1620140874531 0.168 -0.047 0.331 0.133 0.289 0.090 0.187 0.113 0.468 0.199 0.183 0.004 
1620140875546 0.168 -0.043 0.328 0.133 0.289 0.086 0.183 0.113 0.472 0.203 0.183 0.008 
1620140876561 0.172 -0.051 0.328 0.133 0.289 0.086 0.179 0.113 0.468 0.203 0.183 0.012 
1620140877573 0.175 -0.047 0.320 0.133 0.292 0.086 0.187 0.113 0.468 0.207 0.183 0.012 
1620140878588 0.168 -0.047 0.324 0.129 0.292 0.090 0.183 0.113 0.464 0.199 0.187 0.008 
1620140879601 0.172 -0.043 0.328 0.129 0.292 0.082 0.183 0.113 0.468 0.207 0.183 0.008 
1620140880616 0.168 -0.047 0.328 0.133 0.292 0.086 0.179 0.109 0.468 0.207 0.183 0.012 
1620140881631 0.172 -0.047 0.328 0.129 0.292 0.086 0.187 0.113 0.468 0.203 0.183 0.008 
1620140882644 0.172 -0.043 0.328 0.136 0.292 0.090 0.183 0.113 0.464 0.199 0.187 0.008 
1620140883658 0.168 -0.039 0.324 0.133 0.289 0.082 0.187 0.113 0.468 0.207 0.187 0.008 
1620140884671 0.172 -0.043 0.328 0.129 0.289 0.090 0.183 0.105 0.468 0.203 0.183 0.012 
1620140885683 0.168 -0.043 0.324 0.129 0.292 0.086 0.187 0.113 0.464 0.203 0.183 0.008 
1620140886696 0.168 -0.043 0.328 0.129 0.285 0.086 0.187 0.117 0.468 0.211 0.183 0.008 
1620140887706 0.168 -0.047 0.324 0.129 0.292 0.082 0.183 0.117 0.464 0.203 0.183 0.008 
1620140888720 0.164 -0.043 0.324 0.129 0.289 0.090 0.187 0.113 0.464 0.207 0.183 0.012 
1620140889731 0.168 -0.047 0.328 0.133 0.289 0.086 0.187 0.113 0.468 0.211 0.179 0.012 
1620140890744 0.172 -0.043 0.324 0.133 0.292 0.082 0.183 0.109 0.464 0.207 0.191 0.012 
1620140891756 0.164 -0.043 0.328 0.129 0.292 0.086 0.187 0.117 0.464 0.207 0.183 0.012 
1620140892769 0.172 -0.043 0.328 0.125 0.292 0.086 0.183 0.113 0.468 0.207 0.183 0.004 
1620140893782 0.172 -0.043 0.324 0.129 0.285 0.082 0.183 0.113 0.468 0.207 0.183 0.004 
1620140894794 0.168 -0.043 0.328 0.133 0.289 0.086 0.183 0.113 0.468 0.207 0.187 0.008 
1620140895807 0.172 -0.047 0.324 0.133 0.292 0.082 0.183 0.117 0.464 0.207 0.183 0.012 
1620140896816 0.164 -0.047 0.328 0.133 0.296 0.090 0.183 0.109 0.464 0.207 0.183 0.012 
1620140897827 0.168 -0.043 0.328 0.133 0.292 0.086 0.183 0.113 0.468 0.207 0.183 0.008 
1620140898839 0.172 -0.043 0.324 0.133 0.292 0.082 0.179 0.121 0.464 0.203 0.183 0.008 
1620140899845 0.168 -0.043 0.328 0.129 0.285 0.090 0.183 0.117 0.468 0.207 0.187 0.008 
1620140900850 0.172 -0.043 0.328 0.133 0.289 0.086 0.183 0.109 0.464 0.203 0.187 0.012 
1620140901869 0.172 -0.047 0.324 0.133 0.289 0.086 0.183 0.113 0.464 0.207 0.187 0.008 
1620140902884 0.168 -0.043 0.328 0.133 0.292 0.082 0.187 0.109 0.468 0.203 0.183 0.008 
1620140903905 0.172 -0.043 0.324 0.136 0.289 0.082 0.191 0.113 0.464 0.203 0.183 0.012 
1620140904912 0.172 -0.043 0.328 0.136 0.292 0.086 0.183 0.113 0.464 0.203 0.187 0.012 
1620140905921 0.172 -0.043 0.328 0.133 0.285 0.082 0.183 0.113 0.468 0.207 0.187 0.008 
1620140906939 0.172 -0.047 0.324 0.129 0.289 0.086 0.187 0.117 0.468 0.203 0.187 0.008 
1620140907959 0.168 -0.043 0.324 0.129 0.289 0.090 0.183 0.113 0.464 0.207 0.183 0.008 
1620140908977 0.168 -0.043 0.324 0.133 0.292 0.082 0.187 0.109 0.472 0.203 0.183 0.008 
1620140909982 0.168 -0.047 0.324 0.133 0.289 0.086 0.183 0.113 0.460 0.207 0.183 0.008 
1620140910987 0.168 -0.047 0.324 0.129 0.292 0.086 0.179 0.113 0.472 0.203 0.187 0.008 
1620140911996 0.168 -0.043 0.328 0.133 0.289 0.082 0.179 0.109 0.472 0.207 0.183 0.012 
1620140913007 0.164 -0.043 0.324 0.129 0.289 0.086 0.183 0.113 0.472 0.207 0.183 0.008 
1620140914020 0.168 -0.047 0.324 0.129 0.292 0.090 0.187 0.109 0.464 0.203 0.183 0.008 
1620140915032 0.168 -0.043 0.328 0.129 0.292 0.082 0.183 0.113 0.464 0.207 0.187 0.012 
1620140916046 0.168 -0.047 0.328 0.133 0.292 0.082 0.187 0.105 0.464 0.211 0.179 0.008 
1620140917059 0.168 -0.043 0.328 0.129 0.289 0.082 0.179 0.117 0.468 0.207 0.187 0.012 
1620140918073 0.168 -0.043 0.324 0.129 0.292 0.086 0.183 0.113 0.464 0.203 0.183 0.008 
1620140919088 0.168 -0.043 0.328 0.129 0.289 0.082 0.183 0.109 0.468 0.207 0.179 0.008 
1620140920101 0.172 -0.043 0.324 0.129 0.289 0.090 0.187 0.117 0.464 0.207 0.183 0.012 
1620140921106 0.172 -0.043 0.328 0.133 0.292 0.082 0.183 0.113 0.464 0.203 0.183 0.016 
